1742646650711 0.6691383123397827 0
1742647257768 0.8472163081169128 1
1742647867089 0.89554363489151 2
1742648463305 0.9107528328895569 3
1742649052077 0.9176132678985596 4
1742649641418 0.9223175048828125 5
1742650237494 0.9251996278762817 6
1742650831588 0.927283763885498 7
1742651405653 0.9288163781166077 8
1742651977230 0.9296091794967651 9
1742652548680 0.9305232167243958 10
1742653116521 0.9319002032279968 11
1742653687063 0.9322653412818909 12
1742654263200 0.9328184723854065 13
1742654842796 0.9332544803619385 14
