1742646650696 0.025016510859131813 0
1742647257753 0.06813310831785202 1
1742647867076 0.09274865686893463 2
1742648463293 0.10589192062616348 3
1742649052065 0.1192915290594101 4
1742649641406 0.13091103732585907 5
1742650237481 0.14049294590950012 6
1742650831576 0.14888733625411987 7
1742651405642 0.1535814106464386 8
1742651977220 0.16119056940078735 9
1742652548669 0.16606411337852478 10
1742653116510 0.1685268133878708 11
1742653687051 0.17408186197280884 12
1742654263188 0.17704156041145325 13
1742654842785 0.18182045221328735 14
