1742646650667 1.9275788145065307 0
1742647257729 0.9818278336524964 1
1742647867034 0.6514589474201202 2
1742648463252 0.49895566928386687 3
1742649052042 0.4202201211452484 4
1742649641382 0.37136145257949826 5
1742650237456 0.3365960409641266 6
1742650831552 0.30993076622486115 7
1742651405618 0.29892259621620176 8
1742651977196 0.28566795361042024 9
1742652548629 0.27458697426319123 10
1742653116486 0.26607154828310015 11
1742653687027 0.25901915353536603 12
1742654263163 0.2542826008796692 13
1742654842744 0.2473261046409607 14
