1742035456285 0.0032317154109477997 0
1742035537699 0.0038655512034893036 1
1742035618758 0.004262871108949184 2
1742035699526 0.004391904920339584 3
1742035781970 0.005373425781726837 4
1742035864377 0.005683827679604292 5
1742035946474 0.006157553289085627 6
1742036029237 0.006701135076582432 7
1742036110765 0.007893077097833157 8
1742036192366 0.0072942557744681835 9
1742036273636 0.008176577277481556 10
1742036356006 0.00867354404181242 11
1742036437808 0.01021104957908392 12
1742036520175 0.00952882319688797 13
1742036601602 0.010100639425218105 14
1742036684259 0.00996382161974907 15
1742036767884 0.01091447751969099 16
1742036852505 0.010939877480268478 17
1742036935009 0.011958027258515358 18
1742037015666 0.011391114443540573 19
