1742035456288 0.12900499999523163 0
1742035537701 0.140598863363266 1
1742035618760 0.14372727274894714 2
1742035699530 0.15714551508426666 3
1742035781973 0.16520704329013824 4
1742035864381 0.1775215119123459 5
1742035946478 0.1892952024936676 6
1742036029240 0.20031647384166718 7
1742036110767 0.21185556054115295 8
1742036192369 0.21363742649555206 9
1742036273640 0.2266124039888382 10
1742036356008 0.24508482217788696 11
1742036437813 0.2537710666656494 12
1742036520180 0.26528340578079224 13
1742036601605 0.27209123969078064 14
1742036684266 0.2840687930583954 15
1742036767889 0.2983637750148773 16
1742036852509 0.2979646921157837 17
1742036935016 0.30880770087242126 18
1742037015669 0.3181089460849762 19
