1742035456270 3.666726589202881 0
1742035537687 3.6438963413238525 1
1742035618749 3.6094088554382324 2
1742035699516 3.562901735305786 3
1742035781960 3.5487070083618164 4
1742035864366 3.5197811126708984 5
1742035946464 3.4902567863464355 6
1742036029229 3.486625909805298 7
1742036110756 3.499945640563965 8
1742036192356 3.410195827484131 9
1742036273625 3.413574695587158 10
1742036355996 3.4041285514831543 11
1742036437800 3.4081966876983643 12
1742036520165 3.3692474365234375 13
1742036601594 3.335702419281006 14
1742036684250 3.2966561317443848 15
1742036767876 3.3207647800445557 16
1742036852493 3.2709755897521973 17
1742036934996 3.281853199005127 18
1742037015658 3.2380425930023193 19
